11.048524262973721 206.913808111479
12.040728270504404 155.94895040582833
13.03551750645406 124.87952210263632
14.11249492917523 96.04088212505384
15.278450819262718 76.90683028568887
16.540736461421133 57.963939533849704
18.145806865543197 45.4877794700378
19.51546238940553 36.42533115449641
20.988500268648757 28.0135676119887
23.025170200890805 21.983926488622902
24.763122764102793 17.25210549942041
27.1660723277456 13.538761800225446
29.410497725241846 10.624678308940414
31.630418336510417 8.507942799627449
34.93006050514549 6.412354795576924
37.318909036913404 5.45559478116852
41.211966809200874 4.1957250194281706
45.81320799578302 3.2926370418493365
51.152962567845314 2.6494574487326146
55.13578820473714 2.3357214690901213
60.887478549954146 2.1113556925396786
67.21400458621032 1.9923580607099303
75.48698691013104 1.9637964600838331
84.12471168826698 2.0507335096811548
94.47913495297962 2.2216944026509564
105.29006804760385 2.4579936102443676
116.43353501715153 2.7553578668226772
129.75663707209182 3.121303107108297
144.60425737119755 3.5591336256387645
159.90857615028108 4.047738761393398
178.20638252708252 4.639820277339839
197.83099799200403 5.283715486733862
219.61673432523958 6.009074743853943
244.74674660182987 6.825047912497907
271.69898434012504 7.711226665314289
302.78859521601095 8.709038461925624
336.1325734956606 9.740883072706682
374.59510561763625 10.84788759346949
419.07717478447637 12.023744025526005
467.0307816875658 13.153260840624204
520.47156029405 14.236704376717352
582.2760302328669 15.280478957545276
651.4195995496793 16.174154312374327
728.773764751671 16.817175713043312
815.3135099979743 17.21926321387001
912.1295959545484 17.17411622875093
1016.5015510999779 16.641497112725997
